mid,spread,imbalance,mom1,mom3,vol3
122330.45,0.1,0.0,0.0,2.7,6.057282
122330.45,0.1,0.0,0.0,10.9,5.563572
122330.45,0.1,0.0,2.7,15.6,4.8850794
122327.75,0.1,0.0,8.2,12.9,4.423234
122319.55,0.1,-0.33333334,4.7,-3.1,4.423234
122314.85,0.1,-0.5,0.0,-7.8,9.837733
122314.85,0.1,0.0,-7.8,-7.8,11.918893
122322.65,0.1,0.0,0.0,0.0,12.647569
122322.65,0.1,0.33333334,0.0,0.0,12.429106
122322.65,0.1,0.0,0.0,-5.1,11.931196
122322.65,0.1,-0.33333334,0.0,-5.1,11.116354
122322.65,0.1,0.0,-5.1,-27.3,9.906681
122327.75,0.1,-0.33333334,0.0,-22.2,8.127758
122327.75,0.1,0.33333334,-22.2,-22.2,8.127758
122349.95,0.1,0.0,0.0,10.0,8.127758
122349.95,0.1,0.0,0.0,10.0,8.292995
122349.95,0.1,0.33333334,10.0,10.0,9.002247
122339.95,0.1,0.5,0.0,0.0,10.277835
122339.95,0.1,0.6666667,0.0,0.0,11.58641
122339.95,0.1,0.5,0.0,12.2,14.095409
122339.95,0.1,0.33333334,0.0,12.2,15.019261
122339.95,0.1,0.0,12.2,12.2,19.888044
122327.75,0.1,0.0,0.0,7.8,21.475992
122327.75,0.1,0.5,0.0,16.7,22.659481
122327.75,0.1,0.5,7.8,16.7,22.254179
122319.95,0.1,0.5,8.9,21.1,19.477165
122311.05,0.1,-0.2,0.0,12.2,16.634373
122311.05,0.1,0.33333334,12.2,39.6,15.240155
122298.85,0.1,0.0,0.0,27.4,13.606375
122298.85,0.1,0.0,27.4,27.4,19.588432
122271.45,0.1,0.0,0.0,0.0,21.057793
122271.45,0.1,-0.33333334,0.0,-8.5,21.139694
122271.45,0.1,-0.5,0.0,-22.2,20.22055
122271.45,0.1,-0.33333334,-8.5,-28.6,18.148903
122279.95,0.1,0.0,-13.7,-20.1,14.4584465
122293.65,0.1,-0.33333334,-6.4,-37.5,10.706431
122300.05,0.1,-0.5,0.0,-14.6,8.729421
122300.05,0.1,0.0,-31.1,-14.6,13.216051
122331.15,0.1,0.0,16.5,16.5,15.853738
122314.65,0.1,-0.5,0.0,0.0,23.277945
122314.65,0.1,-0.5,0.0,-0.4,23.600069
122314.65,0.1,0.0,0.0,-0.4,23.007206
122314.65,0.1,0.0,-0.4,-0.4,21.962719
122315.05,0.1,-0.5,0.0,-34.7,20.37001
122315.05,0.1,-0.33333334,0.0,-39.9,18.427202
122315.05,0.1,0.0,-34.7,-62.6,15.937671
122349.75,0.1,0.0,-5.2,-0.2,12.580938
122354.95,0.1,0.33333334,-22.7,10.8,12.949651
122377.65,0.1,0.0,27.7,33.5,12.789127
122349.95,0.1,-0.8947368,5.8,10.4,4.8078637
122344.15,0.1,0.0,0.0,7.7,3.231185
122344.15,0.1,-0.33333334,4.6,7.7,2.521816
122339.55,0.1,0.0,3.1,3.1,0.9803061
122336.45,0.1,0.0,0.0,0.0,0.0
122336.45,0.1,-0.6,0.0,0.0,7.621089
122336.45,0.1,-0.33333334,0.0,0.0,10.161452
122336.45,0.1,0.0,0.0,0.0,11.641406
122336.45,0.1,0.0,0.0,0.0,12.445187
122336.45,0.1,0.0,0.0,0.0,12.701816
122336.45,0.1,0.0,0.0,0.0,12.672806
122336.45,0.1,0.33333334,0.0,24.1,12.010759
122336.45,0.1,0.0,0.0,24.1,11.360673
122336.45,0.1,0.0,24.1,24.1,9.690368
122312.35,0.1,-0.2,0.0,0.0,5.910076
122312.35,0.1,0.0,0.0,0.0,6.5981817
122312.35,0.1,-0.33333334,0.0,2.4,6.861203
122312.35,0.1,0.33333334,0.0,2.4,7.6068754
122312.35,0.1,0.0,2.4,10.0,7.659337
122309.95,0.1,0.0,0.0,10.0,7.0341153
122309.95,0.1,-0.6,7.6,12.7,6.163594
122302.35,0.1,0.0,2.4,5.1,4.3181915
122299.95,0.1,0.0,2.7,2.7,5.4460588
122297.25,0.1,0.33333334,0.0,6.1,5.993339
122297.25,0.1,0.0,0.0,6.1,6.3045044
122297.25,0.1,0.0,6.1,6.1,6.1316032
122291.15,0.1,0.0,0.0,0.0,7.659968
122291.15,0.1,0.33333334,0.0,0.0,8.8152895
122291.15,0.1,0.0,0.0,10.3,16.818512
122291.15,0.1,0.0,0.0,10.3,19.518867
122291.15,0.1,0.0,10.3,10.3,19.815765
122280.85,0.1,0.33333334,0.0,0.0,18.9298
122280.85,0.1,0.0,0.0,12.3,19.202282
122280.85,0.1,0.0,0.0,12.3,18.401098
122280.85,0.1,-0.5,12.3,45.6,16.369352
122268.55,0.1,-0.33333334,0.0,28.3,14.309472
122268.55,0.1,0.0,33.3,22.9,12.610088
122235.25,0.1,0.0,-5.0,-10.4,8.404503
122240.25,0.1,0.0,-5.4,2.1,10.357826
122245.65,0.1,0.0,0.0,7.5,12.690697
122245.65,0.1,0.0,7.5,7.5,13.14783
122238.15,0.1,0.0,0.0,15.1,12.399982
122238.15,0.1,0.0,0.0,13.4,11.87902
122238.15,0.1,0.0,15.1,13.4,10.047161
122223.05,0.1,-0.33333334,-1.7,6.8,9.594674
122224.75,0.1,0.0,0.0,16.4,11.121651
122224.75,0.1,0.0,8.5,16.4,11.200401
122216.25,0.1,0.0,7.9,7.9,11.198631
122208.35,0.1,0.33333334,0.0,0.0,12.4525585
122208.35,0.1,0.0,0.0,-12.9,13.186816
122208.35,0.1,0.0,0.0,-27.7,13.839573
122208.35,0.1,0.0,-12.9,-27.7,13.7166605
122221.25,0.1,0.0,-14.8,-4.8,13.788083
122236.05,0.1,0.33333334,0.0,23.2,16.518976
122236.05,0.1,0.0,10.0,35.0,19.278025
122226.05,0.1,0.0,13.2,25.0,19.6016
122212.85,0.1,0.0,11.8,11.8,20.376402
122201.05,0.1,0.2,0.0,-10.0,20.485878
122201.05,0.1,0.0,0.0,-24.3,18.749458
122201.05,0.1,0.33333334,-10.0,-44.8,25.248676
122211.05,0.1,0.0,-14.3,-43.1,34.140984
122225.35,0.1,0.0,-20.5,-14.2,40.734997
122245.85,0.1,0.33333334,-8.3,6.3,45.1865
122254.15,0.1,0.0,14.6,16.6,46.21447
122239.55,0.1,0.0,0.0,3.2,43.547092
122239.55,0.1,-0.33333334,2.0,69.2,39.6989
122237.55,0.1,0.0,1.2,86.5,34.66791
122236.35,0.1,0.0,66.0,85.3,28.334902
122170.35,0.1,0.0,19.3,19.3,20.16036
122151.05,0.1,0.0,0.0,0.0,21.911398
122151.05,0.1,0.0,0.0,-2.5,21.292149
122151.05,0.1,-0.5,0.0,-39.3,20.410084
122151.05,0.1,-0.33333334,-2.5,-39.3,22.530672
122153.55,0.1,0.0,-36.8,-36.8,28.583773
122190.35,0.1,-0.25,0.0,-6.3,37.154842
122190.35,0.1,-0.33333334,0.0,-6.3,43.09865
122190.35,0.1,-0.33333334,-6.3,-1.1,46.18911
122196.65,0.1,0.0,0.0,38.0,46.661186
122196.65,0.1,0.0,5.2,58.5,42.988525
122191.45,0.1,0.0,32.8,75.0,35.09207
122158.65,0.1,0.0,20.5,62.2,23.58071
122138.15,0.1,0.33333334,21.7,48.2,16.29836
122116.45,0.1,0.33333334,20.0,28.3,16.051155
122096.45,0.1,-0.33333334,6.5,8.3,20.806519
122089.95,0.1,0.0,1.8,-4.2,23.711891
122088.15,0.1,0.0,0.0,-24.5,23.078552
122088.15,0.1,0.0,-6.0,-24.5,24.660774
122094.15,0.1,0.0,-18.5,-18.5,26.009077
122112.65,0.1,0.0,0.0,-24.4,30.273144
122112.65,0.1,-0.5,0.0,-34.7,33.150356
122112.65,0.1,0.0,-24.4,-34.7,33.08421
122137.05,0.1,0.0,-10.3,2.5,30.055275
122147.35,0.1,0.0,0.0,-16.0,28.74931
122147.35,0.1,0.0,12.8,-30.3,29.857634
122134.55,0.1,0.0,-28.8,-69.8,28.078817
122163.35,0.1,0.0,-14.3,-41.0,19.660849
122177.65,0.1,0.0,-26.7,-26.7,14.48047
122204.35,0.1,-0.33333334,0.0,0.0,9.790017
122204.35,0.1,0.0,0.0,0.0,14.195934
122204.35,0.1,0.0,0.0,-22.0,18.304462
122204.35,0.1,0.0,0.0,-17.5,23.0621
122204.35,0.1,0.0,-22.0,-17.5,24.870277
122226.35,0.1,0.0,4.5,4.5,24.393934
122221.85,0.1,-0.33333334,0.0,0.0,25.166521
122221.85,0.1,-0.5,0.0,-26.8,24.273682
122221.85,0.1,-0.2,0.0,-37.2,21.974592
122221.85,0.1,0.0,-26.8,-52.9,17.73039
122248.65,0.1,0.0,-10.4,-26.1,9.146803
122259.05,0.1,0.0,-15.7,-15.7,4.964776
122274.75,0.1,0.33333334,0.0,0.0,0.0
122274.75,0.1,0.0,0.0,0.0,0.0
122274.75,0.1,0.0,0.0,0.0,0.0
122274.75,0.1,-0.33333334,0.0,0.0,0.0
122274.75,0.1,0.0,0.0,0.0,0.0
122274.75,0.1,0.0,0.0,0.0,2.150349
122274.75,0.1,0.0,0.0,0.0,9.460802
122274.75,0.1,0.5,0.0,0.0,12.430715
122274.75,0.1,0.33333334,0.0,0.0,14.130523
122274.75,0.1,0.0,0.0,0.0,14.998459
122274.75,0.1,0.0,0.0,0.0,14.816298
122274.75,0.1,0.0,0.0,6.8,14.109193
122274.75,0.1,0.71428573,0.0,29.9,12.790379
122274.75,0.1,0.0,6.8,29.9,10.634661
122267.95,0.1,0.0,23.1,23.1,6.9105716
122244.85,0.1,-0.33333334,0.0,0.0,1.886914
122244.85,0.1,-0.33333334,0.0,-3.9,4.2039795
122244.85,0.1,0.0,0.0,-3.9,5.4413643
122244.85,0.1,0.0,-3.9,-3.9,6.2741885
122248.75,0.1,-0.5,0.0,0.0,6.8516016
122248.75,0.1,-0.33333334,0.0,1.0,6.9206295
122248.75,0.1,0.42857143,0.0,2.8,7.9183683
122248.75,0.1,0.0,1.0,13.8,8.12743
122247.75,0.1,0.33333334,1.8,12.8,7.613066
122245.95,0.1,0.0,11.0,11.0,7.033736
122234.95,0.1,0.5,0.0,0.0,5.7532697
122234.95,0.1,0.0,0.0,0.0,5.8970895
122234.95,0.1,0.33333334,0.0,8.9,5.947745
122234.95,0.1,0.0,0.0,8.9,7.2830167
122234.95,0.1,-0.33333334,8.9,8.9,7.5379114
122226.05,0.1,0.33333334,0.0,4.1,6.8343983
122226.05,0.1,0.0,0.0,4.1,6.9832816
122226.05,0.1,0.0,4.1,4.1,6.7129145
122221.95,0.1,0.0,0.0,2.0,6.6518583
122221.95,0.1,0.0,0.0,12.0,6.643033
122221.95,0.1,0.0,2.0,12.0,11.39751
122219.95,0.1,0.0,10.0,10.0,13.284448
122209.95,0.1,-0.33333334,0.0,0.0,13.902394
122209.95,0.1,-0.33333334,0.0,0.0,14.692739
122209.95,0.1,-0.33333334,0.0,5.5,14.780952
122209.95,0.1,0.0,0.0,5.6,23.710854
122209.95,0.1,0.33333334,5.5,30.0,27.686468
